100.0000
100.1000
100.2000
100.3000
100.4000
100.5000
100.6000
100.7000
100.8000
100.9000
101.0000
101.1000
101.2000
101.3000
101.4000
101.5000
101.6000
101.7000
101.8000
101.9000
102.0000
102.1000
102.2000
102.3000
102.4000
102.5000
102.6000
102.7000
102.8000
102.9000
103.0000
103.1000
103.2000
103.3000
103.4000
103.5000
103.6000
103.7000
103.8000
103.9000
104.0000
104.1000
104.2000
104.3000
104.4000
104.5000
104.6000
104.7000
104.8000
104.9000
105.0000
105.1000
105.2000
105.3000
105.4000
105.5000
105.6000
105.7000
105.8000
105.9000
106.0000
106.1000
106.2000
106.3000
106.4000
106.5000
106.6000
106.7000
106.8000
106.9000
107.0000
107.1000
107.2000
107.3000
107.4000
107.5000
107.6000
107.7000
107.8000
107.9000
108.0000
108.1000
108.2000
108.3000
108.4000
108.5000
108.6000
108.7000
108.8000
108.9000
109.0000
109.1000
109.2000
109.3000
109.4000
109.5000
109.6000
109.7000
109.8000
109.9000
110.0000
110.1000
110.2000
110.3000
110.4000
110.5000
110.6000
110.7000
110.8000
110.9000
111.0000
111.1000
111.2000
111.3000
111.4000
111.5000
111.6000
111.7000
111.8000
111.9000
112.0000
112.1000
112.2000
112.3000
112.4000
112.5000
112.6000
112.7000
112.8000
112.9000
113.0000
113.1000
113.2000
113.3000
113.4000
113.5000
113.6000
113.7000
113.8000
113.9000
114.0000
114.1000
114.2000
114.3000
114.4000
114.5000
114.6000
114.7000
114.8000
114.9000
115.0000
115.1000
115.2000
115.3000
115.4000
115.5000
115.6000
115.7000
115.8000
115.9000
116.0000
116.1000
116.2000
116.3000
116.4000
116.5000
116.6000
116.7000
116.8000
116.9000
117.0000
117.1000
117.2000
117.3000
117.4000
117.5000
117.6000
117.7000
117.8000
117.9000
118.0000
118.1000
118.2000
118.3000
118.4000
118.5000
118.6000
118.7000
118.8000
118.9000
119.0000
119.1000
119.2000
119.3000
119.4000
119.5000
119.6000
119.7000
119.8000
119.9000
120.0000
120.1000
120.2000
120.3000
120.4000
120.5000
120.6000
120.7000
120.8000
120.9000
121.0000
121.1000
121.2000
121.3000
121.4000
121.5000
121.6000
121.7000
121.8000
121.9000
122.0000
122.1000
122.2000
122.3000
122.4000
122.5000
122.6000
122.7000
122.8000
122.9000
123.0000
123.1000
123.2000
123.3000
123.4000
123.5000
123.6000
123.7000
123.8000
123.9000
124.0000
124.1000
124.2000
124.3000
124.4000
124.5000
124.6000
124.7000
124.8000
124.9000
125.0000
125.1000
125.2000
125.3000
125.4000
125.5000
125.6000
125.7000
125.8000
125.9000
126.0000
126.1000
126.2000
126.3000
126.4000
126.5000
126.6000
126.7000
126.8000
126.9000
127.0000
127.1000
127.2000
127.3000
127.4000
127.5000
127.6000
127.7000
127.8000
127.9000
128.0000
128.1000
128.2000
128.3000
128.4000
128.5000
128.6000
128.7000
128.8000
128.9000
129.0000
129.1000
129.2000
129.3000
129.4000
129.5000
129.6000
129.7000
129.8000
129.9000
130.0000
130.1000
130.2000
130.3000
130.4000
130.5000
130.6000
130.7000
130.8000
130.9000
131.0000
131.1000
131.2000
131.3000
131.4000
131.5000
131.6000
131.7000
131.8000
131.9000
132.0000
132.1000
132.2000
132.3000
132.4000
132.5000
132.6000
132.7000
132.8000
132.9000
133.0000
133.1000
133.2000
133.3000
133.4000
133.5000
133.6000
133.7000
133.8000
133.9000
134.0000
134.1000
134.2000
134.3000
134.4000
134.5000
134.6000
134.7000
134.8000
134.9000
135.0000
135.1000
135.2000
135.3000
135.4000
135.5000
135.6000
135.7000
135.8000
135.9000
136.0000
136.1000
136.2000
136.3000
136.4000
136.5000
136.6000
136.7000
136.8000
136.9000
137.0000
137.1000
137.2000
137.3000
137.4000
137.5000
137.6000
137.7000
137.8000
137.9000
138.0000
138.1000
138.2000
138.3000
138.4000
138.5000
138.6000
138.7000
138.8000
138.9000
139.0000
139.1000
139.2000
139.3000
139.4000
139.5000
139.6000
139.7000
139.8000
139.9000
140.0000
140.1000
140.2000
140.3000
140.4000
140.5000
140.6000
140.7000
140.8000
140.9000
141.0000
141.1000
141.2000
141.3000
141.4000
141.5000
141.6000
141.7000
141.8000
141.9000
142.0000
142.1000
142.2000
142.3000
142.4000
142.5000
142.6000
142.7000
142.8000
142.9000
143.0000
143.1000
143.2000
143.3000
143.4000
143.5000
143.6000
143.7000
143.8000
143.9000
144.0000
144.1000
144.2000
144.3000
144.4000
144.5000
144.6000
144.7000
144.8000
144.9000
145.0000
145.1000
145.2000
145.3000
145.4000
145.5000
145.6000
145.7000
145.8000
145.9000
146.0000
146.1000
146.2000
146.3000
146.4000
146.5000
146.6000
146.7000
146.8000
146.9000
147.0000
147.1000
147.2000
147.3000
147.4000
147.5000
147.6000
147.7000
147.8000
147.9000
148.0000
148.1000
148.2000
148.3000
148.4000
148.5000
148.6000
148.7000
148.8000
148.9000
149.0000
149.1000
149.2000
149.3000
149.4000
149.5000
149.6000
149.7000
149.8000
149.9000
150.0000
150.1000
150.2000
150.3000
150.4000
150.5000
150.6000
150.7000
150.8000
150.9000
151.0000
151.1000
151.2000
151.3000
151.4000
151.5000
151.6000
151.7000
151.8000
151.9000
152.0000
152.1000
152.2000
152.3000
152.4000
152.5000
152.6000
152.7000
152.8000
152.9000
153.0000
153.1000
153.2000
153.3000
153.4000
153.5000
153.6000
153.7000
153.8000
153.9000
154.0000
154.1000
154.2000
154.3000
154.4000
154.5000
154.6000
154.7000
154.8000
154.9000
155.0000
155.1000
155.2000
155.3000
155.4000
155.5000
155.6000
155.7000
155.8000
155.9000
156.0000
156.1000
156.2000
156.3000
156.4000
156.5000
156.6000
156.7000
156.8000
156.9000
157.0000
157.1000
157.2000
157.3000
157.4000
157.5000
157.6000
157.7000
157.8000
157.9000
158.0000
158.1000
158.2000
158.3000
158.4000
158.5000
158.6000
158.7000
158.8000
158.9000
159.0000
159.1000
159.2000
159.3000
159.4000
159.5000
159.6000
159.7000
159.8000
159.9000
160.0000
160.1000
160.2000
160.3000
160.4000
160.5000
160.6000
160.7000
160.8000
160.9000
161.0000
161.1000
161.2000
161.3000
161.4000
161.5000
161.6000
161.7000
161.8000
161.9000
162.0000
162.1000
162.2000
162.3000
162.4000
162.5000
162.6000
162.7000
162.8000
162.9000
163.0000
163.1000
163.2000
163.3000
163.4000
163.5000
163.6000
163.7000
163.8000
163.9000
164.0000
164.1000
164.2000
164.3000
164.4000
164.5000
164.6000
164.7000
164.8000
164.9000
165.0000
165.1000
165.2000
165.3000
165.4000
165.5000
165.6000
165.7000
165.8000
165.9000
166.0000
166.1000
166.2000
166.3000
166.4000
166.5000
166.6000
166.7000
166.8000
166.9000
167.0000
167.1000
167.2000
167.3000
167.4000
167.5000
167.6000
167.7000
167.8000
167.9000
168.0000
168.1000
168.2000
168.3000
168.4000
168.5000
168.6000
168.7000
168.8000
168.9000
169.0000
169.1000
169.2000
169.3000
169.4000
169.5000
169.6000
169.7000
169.8000
169.9000
170.0000
170.1000
170.2000
170.3000
170.4000
170.5000
170.6000
170.7000
170.8000
170.9000
171.0000
171.1000
171.2000
171.3000
171.4000
171.5000
171.6000
171.7000
171.8000
171.9000
172.0000
172.1000
172.2000
172.3000
172.4000
172.5000
172.6000
172.7000
172.8000
172.9000
173.0000
173.1000
173.2000
173.3000
173.4000
173.5000
173.6000
173.7000
173.8000
173.9000
174.0000
174.1000
174.2000
174.3000
174.4000
174.5000
174.6000
174.7000
174.8000
174.9000
175.0000
175.1000
175.2000
175.3000
175.4000
175.5000
175.6000
175.7000
175.8000
175.9000
176.0000
176.1000
176.2000
176.3000
176.4000
176.5000
176.6000
176.7000
176.8000
176.9000
177.0000
177.1000
177.2000
177.3000
177.4000
177.5000
177.6000
177.7000
177.8000
177.9000
178.0000
178.1000
178.2000
178.3000
178.4000
178.5000
178.6000
178.7000
178.8000
178.9000
179.0000
179.1000
179.2000
179.3000
179.4000
179.5000
179.6000
179.7000
179.8000
179.9000
180.0000
180.1000
180.2000
180.3000
180.4000
180.5000
180.6000
180.7000
180.8000
180.9000
181.0000
181.1000
181.2000
181.3000
181.4000
181.5000
181.6000
181.7000
181.8000
181.9000
182.0000
182.1000
182.2000
182.3000
182.4000
182.5000
182.6000
182.7000
182.8000
182.9000
183.0000
183.1000
183.2000
183.3000
183.4000
183.5000
183.6000
183.7000
183.8000
183.9000
184.0000
184.1000
184.2000
184.3000
184.4000
184.5000
184.6000
184.7000
184.8000
184.9000
185.0000
185.1000
185.2000
185.3000
185.4000
185.5000
185.6000
185.7000
185.8000
185.9000
186.0000
186.1000
186.2000
186.3000
186.4000
186.5000
186.6000
186.7000
186.8000
186.9000
187.0000
187.1000
187.2000
187.3000
187.4000
187.5000
187.6000
187.7000
187.8000
187.9000
188.0000
188.1000
188.2000
188.3000
188.4000
188.5000
188.6000
188.7000
188.8000
188.9000
189.0000
189.1000
189.2000
189.3000
189.4000
189.5000
189.6000
189.7000
189.8000
189.9000
190.0000
190.1000
190.2000
190.3000
190.4000
190.5000
190.6000
190.7000
190.8000
190.9000
191.0000
191.1000
191.2000
191.3000
191.4000
191.5000
191.6000
191.7000
191.8000
191.9000
192.0000
192.1000
192.2000
192.3000
192.4000
192.5000
192.6000
192.7000
192.8000
192.9000
193.0000
193.1000
193.2000
193.3000
193.4000
193.5000
193.6000
193.7000
193.8000
193.9000
194.0000
194.1000
194.2000
194.3000
194.4000
194.5000
194.6000
194.7000
194.8000
194.9000
195.0000
195.1000
195.2000
195.3000
195.4000
195.5000
195.6000
195.7000
195.8000
195.9000
196.0000
196.1000
196.2000
196.3000
196.4000
196.5000
196.6000
196.7000
196.8000
196.9000
197.0000
197.1000
197.2000
197.3000
197.4000
197.5000
197.6000
197.7000
197.8000
197.9000
198.0000
198.1000
198.2000
198.3000
198.4000
198.5000
198.6000
198.7000
198.8000
198.9000
199.0000
199.1000
199.2000
199.3000
199.4000
199.5000
199.6000
199.7000
199.8000
199.9000
200.0000